5.801829 0.000000
5.804447 0.000000
5.807064 0.000000
5.809682 0.000000
5.812299 0.000000
5.814917 0.000000
5.817535 0.000000
5.820152 0.000000
5.822770 0.000000
5.825388 0.000000
5.828005 0.000000
5.830623 0.000000
5.833240 0.000000
5.835858 0.000000
5.838476 0.000000
5.841093 0.000000
5.843711 0.000000
5.846329 0.000000
5.848946 0.000000
5.851564 0.000000
5.854181 0.000000
5.856799 0.000000
5.859417 0.000000
5.862034 0.000000
5.864652 0.000000
5.867269 0.000000
5.869887 0.000000
5.872505 0.000000
5.875122 0.000000
5.877740 0.000000
5.880358 0.000000
5.882975 0.000000
5.885593 0.000000
5.888210 0.000000
5.890828 0.000000
5.893446 0.000000
5.896063 0.000000
5.898681 0.000000
5.901298 0.000000
5.903916 0.000000
5.906534 0.000000
5.909151 0.000000
5.911769 0.000000
5.914387 0.000000
5.917004 0.000000
5.919622 0.000000
5.922239 0.000000
5.924857 0.000000
5.927475 0.000000
5.930092 0.000000
5.932710 0.000000
5.935327 0.000000
5.937945 0.000000
5.940563 0.000000
5.943180 0.000000
5.945798 0.000000
5.948416 0.000000
5.951033 0.000000
5.953651 0.000000
5.956268 0.000000
5.958886 0.000000
5.961504 0.000000
5.964121 0.000000
5.966739 0.000000
5.969357 0.000000
5.971974 0.000000
5.974592 0.000000
5.977209 0.000000
5.979827 0.000000
5.982445 0.000000
5.985062 0.000000
5.987680 0.000000
5.990297 0.000000
5.992915 0.000000
5.995533 0.000000
5.998150 0.000000
6.000768 0.000000
6.003386 0.000000
6.006003 0.000000
6.008621 0.000000
6.011238 0.000000
6.013856 0.000000
6.016474 0.000000
6.019091 0.000000
6.021709 0.000000
6.024326 0.000000
6.026944 0.000000
6.029562 0.000000
6.032179 0.000000
6.034797 0.000000
6.037415 0.000000
6.040032 0.000000
6.042650 0.000000
6.045267 0.000000
6.047885 0.000000
6.050503 0.000000
6.053120 0.000000
6.055738 0.000000
6.058355 0.000000
6.060973 0.000000
6.063591 0.000000
6.066208 0.000000
6.068826 0.000000
6.071444 0.000000
6.074061 0.000000
6.076679 0.000000
6.079296 0.000000
6.081914 0.000000
6.084532 0.000000
6.087149 0.000001
6.089767 0.000001
6.092385 0.000001
6.095002 0.000002
6.097620 0.000002
6.100237 0.000003
6.102855 0.000004
6.105473 0.000005
6.108090 0.000007
6.110708 0.000009
6.113325 0.000012
6.115943 0.000015
6.118561 0.000020
6.121178 0.000025
6.123796 0.000032
6.126414 0.000042
6.129031 0.000053
6.131649 0.000068
6.134266 0.000086
6.136884 0.000109
6.139502 0.000137
6.142119 0.000171
6.144737 0.000214
6.147354 0.000266
6.149972 0.000329
6.152590 0.000406
6.155207 0.000498
6.157825 0.000610
6.160443 0.000744
6.163060 0.000903
6.165678 0.001092
6.168295 0.001316
6.170913 0.001580
6.173531 0.001889
6.176148 0.002250
6.178766 0.002669
6.181383 0.003155
6.184001 0.003715
6.186619 0.004358
6.189236 0.005092
6.191854 0.005928
6.194472 0.006875
6.197089 0.007943
6.199707 0.009143
6.202324 0.010485
6.204942 0.011979
6.207560 0.013635
6.210177 0.015463
6.212795 0.017471
6.215413 0.019668
6.218030 0.022059
6.220648 0.024652
6.223265 0.027449
6.225883 0.030453
6.228501 0.033664
6.231118 0.037081
6.233736 0.040699
6.236353 0.044512
6.238971 0.048510
6.241589 0.052682
6.244206 0.057013
6.246824 0.061486
6.249442 0.066081
6.252059 0.070776
6.254677 0.075547
6.257294 0.080367
6.259912 0.085207
6.262530 0.090037
6.265147 0.094828
6.267765 0.099545
6.270382 0.104158
6.273000 0.108635
6.275618 0.112943
6.278235 0.117053
6.280853 0.120935
6.283471 0.124562
6.286088 0.127909
6.288706 0.130955
6.291323 0.133679
6.293941 0.136065
6.296559 0.138103
6.299176 0.139782
6.301794 0.141098
6.304412 0.142049
6.307029 0.142640
6.309647 0.142875
6.312264 0.142766
6.314882 0.142325
6.317500 0.141569
6.320117 0.140518
6.322735 0.139194
6.325352 0.137620
6.327970 0.135823
6.330588 0.133828
6.333205 0.131666
6.335823 0.129362
6.338441 0.126947
6.341058 0.124449
6.343676 0.121894
6.346293 0.119310
6.348911 0.116722
6.351529 0.114153
6.354146 0.111626
6.356764 0.109161
6.359381 0.106775
6.361999 0.104485
6.364617 0.102304
6.367234 0.100243
6.369852 0.098313
6.372470 0.096520
6.375087 0.094869
6.377705 0.093363
6.380322 0.092005
6.382940 0.090793
6.385558 0.089727
6.388175 0.088802
6.390793 0.088016
6.393410 0.087362
6.396028 0.086834
6.398646 0.086427
6.401263 0.086132
6.403881 0.085942
6.406499 0.085849
6.409116 0.085845
6.411734 0.085922
6.414351 0.086073
6.416969 0.086288
6.419587 0.086560
6.422204 0.086883
6.424822 0.087248
6.427440 0.087650
6.430057 0.088080
6.432675 0.088535
6.435292 0.089007
6.437910 0.089491
6.440528 0.089983
6.443145 0.090478
6.445763 0.090972
6.448380 0.091462
6.450998 0.091943
6.453616 0.092413
6.456233 0.092869
6.458851 0.093310
6.461469 0.093733
6.464086 0.094137
6.466704 0.094520
6.469321 0.094882
6.471939 0.095222
6.474557 0.095540
6.477174 0.095835
6.479792 0.096108
6.482409 0.096359
6.485027 0.096589
6.487645 0.096799
6.490262 0.096989
6.492880 0.097160
6.495498 0.097314
6.498115 0.097451
6.500733 0.097573
6.503350 0.097682
6.505968 0.097777
6.508586 0.097861
6.511203 0.097934
6.513821 0.097997
6.516438 0.098051
6.519056 0.098097
6.521674 0.098135
6.524291 0.098164
6.526909 0.098186
6.529527 0.098199
6.532144 0.098203
6.534762 0.098198
6.537379 0.098182
6.539997 0.098155
6.542615 0.098114
6.545232 0.098058
6.547850 0.097986
6.550468 0.097896
6.553085 0.097784
6.555703 0.097650
6.558320 0.097491
6.560938 0.097303
6.563556 0.097086
6.566173 0.096837
6.568791 0.096553
6.571408 0.096232
6.574026 0.095872
6.576644 0.095471
6.579261 0.095027
6.581879 0.094539
6.584497 0.094003
6.587114 0.093421
6.589732 0.092790
6.592349 0.092109
6.594967 0.091377
6.597585 0.090596
6.600202 0.089763
6.602820 0.088880
6.605437 0.087946
6.608055 0.086962
6.610673 0.085929
6.613290 0.084847
6.615908 0.083718
6.618526 0.082543
6.621143 0.081324
6.623761 0.080061
6.626378 0.078757
6.628996 0.077413
6.631614 0.076032
6.634231 0.074614
6.636849 0.073163
6.639466 0.071680
6.642084 0.070167
6.644702 0.068627
6.647319 0.067061
6.649937 0.065473
6.652555 0.063864
6.655172 0.062236
6.657790 0.060593
6.660407 0.058936
6.663025 0.057268
6.665643 0.055591
6.668260 0.053907
6.670878 0.052221
6.673496 0.050533
6.676113 0.048846
6.678731 0.047163
6.681348 0.045487
6.683966 0.043820
6.686584 0.042165
6.689201 0.040524
6.691819 0.038900
6.694436 0.037296
6.697054 0.035713
6.699672 0.034155
6.702289 0.032624
6.704907 0.031121
6.707525 0.029650
6.710142 0.028213
6.712760 0.026810
6.715377 0.025446
6.717995 0.024120
6.720613 0.022835
6.723230 0.021592
6.725848 0.020394
6.728465 0.019241
6.731083 0.018134
6.733701 0.017076
6.736318 0.016067
6.738936 0.015109
6.741554 0.014202
6.744171 0.013349
6.746789 0.012551
6.749406 0.011810
6.752024 0.011127
6.754642 0.010505
6.757259 0.009947
6.759877 0.009456
6.762494 0.009035
6.765112 0.008689
6.767730 0.008422
6.770347 0.008242
6.772965 0.008154
6.775583 0.008165
6.778200 0.008286
6.780818 0.008526
6.783435 0.008896
6.786053 0.009409
6.788671 0.010080
6.791288 0.010924
6.793906 0.011958
6.796524 0.013202
6.799141 0.014676
6.801759 0.016404
6.804376 0.018409
6.806994 0.020718
6.809612 0.023359
6.812229 0.026361
6.814847 0.029755
6.817464 0.033573
6.820082 0.037851
6.822700 0.042621
6.825317 0.047921
6.827935 0.053787
6.830553 0.060254
6.833170 0.067360
6.835788 0.075140
6.838405 0.083630
6.841023 0.092863
6.843641 0.102873
6.846258 0.113687
6.848876 0.125335
6.851493 0.137839
6.854111 0.151221
6.856729 0.165495
6.859346 0.180674
6.861964 0.196763
6.864582 0.213763
6.867199 0.231669
6.869817 0.250469
6.872434 0.270145
6.875052 0.290671
6.877670 0.312015
6.880287 0.334138
6.882905 0.356994
6.885522 0.380529
6.888140 0.404682
6.890758 0.429389
6.893375 0.454574
6.895993 0.480160
6.898611 0.506062
6.901228 0.532192
6.903846 0.558456
6.906463 0.584757
6.909081 0.610997
6.911699 0.637076
6.914316 0.662890
6.916934 0.688337
6.919552 0.713318
6.922169 0.737732
6.924787 0.761481
6.927404 0.784473
6.930022 0.806618
6.932640 0.827832
6.935257 0.848036
6.937875 0.867157
6.940492 0.885131
6.943110 0.901901
6.945728 0.917416
6.948345 0.931637
6.950963 0.944530
6.953581 0.956073
6.956198 0.966252
6.958816 0.975062
6.961433 0.982507
6.964051 0.988599
6.966669 0.993361
6.969286 0.996822
6.971904 0.999020
6.974521 1.000000
6.977139 0.999814
6.979757 0.998520
6.982374 0.996182
6.984992 0.992869
6.987610 0.988653
6.990227 0.983611
6.992845 0.977821
6.995462 0.971365
6.998080 0.964325
7.000698 0.956781
7.003315 0.948818
7.005933 0.940514
7.008551 0.931950
7.011168 0.923202
7.013786 0.914343
7.016403 0.905444
7.019021 0.896571
7.021639 0.887785
7.024256 0.879144
7.026874 0.870699
7.029491 0.862498
7.032109 0.854581
7.034727 0.846984
7.037344 0.839737
7.039962 0.832865
7.042580 0.826387
7.045197 0.820317
7.047815 0.814663
7.050432 0.809429
7.053050 0.804615
7.055668 0.800215
7.058285 0.796221
7.060903 0.792621
7.063520 0.789398
7.066138 0.786535
7.068756 0.784012
7.071373 0.781807
7.073991 0.779897
7.076609 0.778257
7.079226 0.776864
7.081844 0.775693
7.084461 0.774721
7.087079 0.773925
7.089697 0.773284
7.092314 0.772778
7.094932 0.772388
7.097549 0.772100
7.100167 0.771899
7.102785 0.771776
7.105402 0.771721
7.108020 0.771729
7.110638 0.771798
7.113255 0.771928
7.115873 0.772120
7.118490 0.772381
7.121108 0.772718
7.123726 0.773140
7.126343 0.773658
7.128961 0.774287
7.131579 0.775040
7.134196 0.775933
7.136814 0.776981
7.139431 0.778201
7.142049 0.779608
7.144667 0.781219
7.147284 0.783047
7.149902 0.785106
7.152519 0.787407
7.155137 0.789961
7.157755 0.792772
7.160372 0.795848
7.162990 0.799187
7.165608 0.802789
7.168225 0.806649
7.170843 0.810758
7.173460 0.815103
7.176078 0.819668
7.178696 0.824433
7.181313 0.829374
7.183931 0.834464
7.186548 0.839671
7.189166 0.844960
7.191784 0.850293
7.194401 0.855630
7.197019 0.860926
7.199637 0.866135
7.202254 0.871208
7.204872 0.876096
7.207489 0.880747
7.210107 0.885107
7.212725 0.889125
7.215342 0.892748
7.217960 0.895922
7.220577 0.898597
7.223195 0.900722
7.225813 0.902250
7.228430 0.903134
7.231048 0.903331
7.233666 0.902802
7.236283 0.901510
7.238901 0.899424
7.241518 0.896515
7.244136 0.892760
7.246754 0.888142
7.249371 0.882646
7.251989 0.876267
7.254607 0.869001
7.257224 0.860851
7.259842 0.851828
7.262459 0.841946
7.265077 0.831225
7.267695 0.819691
7.270312 0.807376
7.272930 0.794316
7.275547 0.780552
7.278165 0.766131
7.280783 0.751103
7.283400 0.735522
7.286018 0.719446
7.288636 0.702936
7.291253 0.686056
7.293871 0.668872
7.296488 0.651450
7.299106 0.633860
7.301724 0.616172
7.304341 0.598453
7.306959 0.580773
7.309576 0.563200
7.312194 0.545800
7.314812 0.528638
7.317429 0.511776
7.320047 0.495274
7.322665 0.479186
7.325282 0.463567
7.327900 0.448465
7.330517 0.433924
7.333135 0.419985
7.335753 0.406684
7.338370 0.394052
7.340988 0.382115
7.343605 0.370896
7.346223 0.360411
7.348841 0.350672
7.351458 0.341689
7.354076 0.333463
7.356694 0.325994
7.359311 0.319278
7.361929 0.313304
7.364546 0.308061
7.367164 0.303533
7.369782 0.299700
7.372399 0.296541
7.375017 0.294030
7.377635 0.292141
7.380252 0.290844
7.382870 0.290109
7.385487 0.289904
7.388105 0.290194
7.390723 0.290945
7.393340 0.292122
7.395958 0.293688
7.398575 0.295608
7.401193 0.297845
7.403811 0.300364
7.406428 0.303129
7.409046 0.306104
7.411664 0.309255
7.414281 0.312549
7.416899 0.315954
7.419516 0.319437
7.422134 0.322970
7.424752 0.326524
7.427369 0.330071
7.429987 0.333587
7.432604 0.337049
7.435222 0.340433
7.437840 0.343721
7.440457 0.346895
7.443075 0.349938
7.445693 0.352838
7.448310 0.355580
7.450928 0.358157
7.453545 0.360559
7.456163 0.362781
7.458781 0.364818
7.461398 0.366669
7.464016 0.368332
7.466633 0.369810
7.469251 0.371104
7.471869 0.372219
7.474486 0.373162
7.477104 0.373939
7.479722 0.374559
7.482339 0.375031
7.484957 0.375367
7.487574 0.375576
7.490192 0.375672
7.492810 0.375666
7.495427 0.375572
7.498045 0.375401
7.500663 0.375168
7.503280 0.374886
7.505898 0.374566
7.508515 0.374221
7.511133 0.373863
7.513751 0.373503
7.516368 0.373152
7.518986 0.372819
7.521603 0.372514
7.524221 0.372243
7.526839 0.372014
7.529456 0.371833
7.532074 0.371705
7.534692 0.371634
7.537309 0.371622
7.539927 0.371673
7.542544 0.371786
7.545162 0.371962
7.547780 0.372201
7.550397 0.372502
7.553015 0.372863
7.555632 0.373282
7.558250 0.373755
7.560868 0.374281
7.563485 0.374856
7.566103 0.375476
7.568721 0.376139
7.571338 0.376839
7.573956 0.377576
7.576573 0.378343
7.579191 0.379140
7.581809 0.379962
7.584426 0.380807
7.587044 0.381673
7.589661 0.382557
7.592279 0.383457
7.594897 0.384371
7.597514 0.385298
7.600132 0.386237
7.602750 0.387186
7.605367 0.388144
7.607985 0.389111
7.610602 0.390085
7.613220 0.391066
7.615838 0.392053
7.618455 0.393045
7.621073 0.394041
7.623691 0.395041
7.626308 0.396043
7.628926 0.397045
7.631543 0.398046
7.634161 0.399045
7.636779 0.400038
7.639396 0.401024
7.642014 0.402000
7.644631 0.402962
7.647249 0.403907
7.649867 0.404831
7.652484 0.405730
7.655102 0.406599
7.657720 0.407432
7.660337 0.408223
7.662955 0.408967
7.665572 0.409657
7.668190 0.410286
7.670808 0.410847
7.673425 0.411330
7.676043 0.411729
7.678660 0.412035
7.681278 0.412238
7.683896 0.412329
7.686513 0.412299
7.689131 0.412139
7.691749 0.411839
7.694366 0.411389
7.696984 0.410779
7.699601 0.410001
7.702219 0.409045
7.704837 0.407903
7.707454 0.406565
7.710072 0.405025
7.712690 0.403274
7.715307 0.401307
7.717925 0.399118
7.720542 0.396701
7.723160 0.394054
7.725778 0.391172
7.728395 0.388054
7.731013 0.384699
7.733630 0.381108
7.736248 0.377283
7.738866 0.373225
7.741483 0.368938
7.744101 0.364429
7.746719 0.359703
7.749336 0.354767
7.751954 0.349630
7.754571 0.344302
7.757189 0.338792
7.759807 0.333114
7.762424 0.327277
7.765042 0.321297
7.767659 0.315186
7.770277 0.308960
7.772895 0.302632
7.775512 0.296218
7.778130 0.289733
7.780748 0.283194
7.783365 0.276617
7.785983 0.270017
7.788600 0.263411
7.791218 0.256814
7.793836 0.250242
7.796453 0.243710
7.799071 0.237233
7.801688 0.230825
7.804306 0.224501
7.806924 0.218273
7.809541 0.212154
7.812159 0.206155
7.814777 0.200288
7.817394 0.194563
7.820012 0.188989
7.822629 0.183573
7.825247 0.178324
7.827865 0.173246
7.830482 0.168345
7.833100 0.163626
7.835718 0.159089
7.838335 0.154738
7.840953 0.150571
7.843570 0.146590
7.846188 0.142790
7.848806 0.139170
7.851423 0.135725
7.854041 0.132449
7.856658 0.129337
7.859276 0.126379
7.861894 0.123569
7.864511 0.120896
7.867129 0.118350
7.869747 0.115921
7.872364 0.113597
7.874982 0.111366
7.877599 0.109215
7.880217 0.107133
7.882835 0.105105
7.885452 0.103120
7.888070 0.101165
7.890687 0.099228
7.893305 0.097297
7.895923 0.095360
7.898540 0.093409
7.901158 0.091432
7.903776 0.089423
7.906393 0.087373
7.909011 0.085276
7.911628 0.083128
7.914246 0.080924
7.916864 0.078664
7.919481 0.076346
7.922099 0.073971
7.924716 0.071540
7.927334 0.069058
7.929952 0.066528
7.932569 0.063957
7.935187 0.061350
7.937805 0.058716
7.940422 0.056063
7.943040 0.053399
7.945657 0.050735
7.948275 0.048080
7.950893 0.045443
7.953510 0.042835
7.956128 0.040265
7.958746 0.037742
7.961363 0.035276
7.963981 0.032875
7.966598 0.030546
7.969216 0.028297
7.971834 0.026133
7.974451 0.024060
7.977069 0.022081
7.979686 0.020201
7.982304 0.018422
7.984922 0.016745
7.987539 0.015171
7.990157 0.013699
7.992775 0.012329
7.995392 0.011058
7.998010 0.009885
8.000627 0.008806
8.003245 0.007817
8.005863 0.006916
8.008480 0.006097
8.011098 0.005356
8.013715 0.004689
8.016333 0.004090
8.018951 0.003555
8.021568 0.003079
8.024186 0.002657
8.026804 0.002284
8.029421 0.001957
8.032039 0.001670
8.034656 0.001420
8.037274 0.001203
8.039892 0.001016
8.042509 0.000854
8.045127 0.000715
8.047744 0.000597
8.050362 0.000497
8.052980 0.000411
8.055597 0.000339
8.058215 0.000279
8.060833 0.000229
8.063450 0.000186
8.066068 0.000151
8.068685 0.000123
8.071303 0.000099
8.073921 0.000079
8.076538 0.000064
8.079156 0.000051
8.081774 0.000040
8.084391 0.000032
8.087009 0.000025
8.089626 0.000020
8.092244 0.000015
8.094862 0.000012
8.097479 0.000009
8.100097 0.000007
8.102714 0.000006
8.105332 0.000004
8.107950 0.000003
8.110567 0.000002
8.113185 0.000002
8.115803 0.000001
8.118420 0.000001
8.121038 0.000001
8.123655 0.000001
8.126273 0.000000
8.128891 0.000000
8.131508 0.000000
8.134126 0.000000
8.136743 0.000000
8.139361 0.000000
8.141979 0.000000
8.144596 0.000000
8.147214 0.000000
8.149832 0.000000
8.152449 0.000000
8.155067 0.000000
8.157684 0.000000
8.160302 0.000000
8.162920 0.000000
8.165537 0.000000
8.168155 0.000000
8.170772 0.000000
8.173390 0.000000
8.176008 0.000000
8.178625 0.000000
8.181243 0.000000
8.183861 0.000000
8.186478 0.000000
8.189096 0.000000
8.191713 0.000000
8.194331 0.000000
8.196949 0.000000
8.199566 0.000000
8.202184 0.000000
8.204802 0.000000
8.207419 0.000000
8.210037 0.000000
8.212654 0.000000
8.215272 0.000000
8.217890 0.000000
8.220507 0.000000
8.223125 0.000000
8.225742 0.000000
8.228360 0.000000
8.230978 0.000000
8.233595 0.000000
8.236213 0.000000
8.238831 0.000000
8.241448 0.000000
8.244066 0.000000
8.246683 0.000000
8.249301 0.000000
8.251919 0.000000
8.254536 0.000000
8.257154 0.000000
8.259771 0.000000
8.262389 0.000000
8.265007 0.000000
8.267624 0.000000
8.270242 0.000000
8.272860 0.000000
8.275477 0.000000
8.278095 0.000000
8.280712 0.000000
8.283330 0.000000
8.285948 0.000000
8.288565 0.000000
8.291183 0.000000
8.293800 0.000000
8.296418 0.000000
8.299036 0.000000
8.301653 0.000000
8.304271 0.000000
8.306889 0.000000
8.309506 0.000000
8.312124 0.000000
8.314741 0.000000
8.317359 0.000000
8.319977 0.000000
8.322594 0.000000
8.325212 0.000000
8.327830 0.000000
8.330447 0.000000
8.333065 0.000000
8.335682 0.000000
8.338300 0.000000
8.340918 0.000000
8.343535 0.000000
8.346153 0.000000
8.348770 0.000000
8.351388 0.000000
8.354006 0.000000
8.356623 0.000000
8.359241 0.000000
8.361859 0.000000
8.364476 0.000000
8.367094 0.000000
8.369711 0.000000
8.372329 0.000000
8.374947 0.000000
8.377564 0.000000
8.380182 0.000000
8.382799 0.000000
8.385417 0.000000
8.388035 0.000000
8.390652 0.000000
8.393270 0.000000
8.395888 0.000000
8.398505 0.000000
8.401123 0.000000
8.403740 0.000000
8.406358 0.000000
8.408976 0.000000
8.411593 0.000000
8.414211 0.000000
8.416829 0.000000
